32 1024 5002
48 2304 5002
70 4900 5002
8 64 5001
52 2704 5002
87 7569 5001
34 1156 5000
44 1936 5000
98 9604 5000
60 3600 5000
77 5929 5000
37 1369 5000
7 49 5001
55 3025 5000
51 2601 5002
63 3969 5002
33 1089 5000
7 49 5002
90 8100 5002
3 9 5001
86 7396 5001
25 625 5000
73 5329 5000
24 576 5000
10 100 5001
6 36 5001
91 8281 5001
37 1369 5001
61 3721 5002
35 1225 5002
65 4225 5001
41 1681 5001
13 169 5001
11 121 5002
16 256 5000
31 961 5001
56 3136 5000
20 400 5000
2 4 5000
23 529 5000
85 7225 5001
26 676 5001
63 3969 5001
63 3969 5002
62 3844 5002
87 7569 5002
79 6241 5001
71 5041 5002
44 1936 5002
73 5329 5002
4 16 5001
17 289 5002
11 121 5002
9 81 5000
10 100 5001
6 36 5000
12 144 5000
5 25 5002
16 256 5001
8 64 5002
19 361 5001
2 4 5002
15 225 5000
3 9 5000
1 1 5001
7 49 5001
13 169 5001
14 196 5002
18 324 5000
20 400 5002
7 49 5000
9 81 5000
8 64 5000
1 1 5000
14 196 5000
3 9 5000
6 36 5000
17 289 5000
12 144 5000
10 100 5000
16 256 5000
13 169 5000
20 400 5000
4 16 5000
2 4 5000
5 25 5000
19 361 5000
11 121 5000
15 225 5000
18 324 5000
1 1 5000
15 225 5000
4 16 5000
7 49 5000
2 4 5000
6 36 5000
11 121 5000
5 25 5000
9 81 5000
14 196 5000
18 324 5000
19 361 5000
20 400 5000
12 144 5000
10 100 5000
13 169 5000
16 256 5000
3 9 5000
8 64 5000
17 289 5000
1 1 5000
15 225 5000
11 121 5000
6 36 5000
19 361 5000
4 16 5000
20 400 5000
10 100 5000
7 49 5000
12 144 5000
2 4 5000
17 289 5000
13 169 5000
14 196 5000
9 81 5000
8 64 5000
3 9 5000
5 25 5000
18 324 5000
16 256 5000
